Nz =      32;   swil_smeared
  0.13049785517978307        2.4920504154579248E-002   1.1527817658134154E-002   3.4161024104832904E-003   2.0559694876283174E-003
  0.12982081006657609        2.4463804635161068E-002   1.1215058735615457E-002   3.3068325883505167E-003   1.9854692527587758E-003
  0.12993316843312641        2.5011148558405694E-002   1.1617091624430032E-002   3.4818808999261819E-003   2.1116036750754574E-003
  0.12997918986525292        2.4718576658415259E-002   1.1423101299442351E-002   3.4177356010332005E-003   2.0743784443766344E-003
  0.12924002900444975        2.4826615663187113E-002   1.1516088290591142E-002   3.4454067681508604E-003   2.0834123697568430E-003
  0.12845726009703640        2.4430330719042104E-002   1.1298767925836728E-002   3.3799471038946649E-003   2.0526166517811362E-003
  0.12929155401570824        2.4593300513515715E-002   1.1320274199533742E-002   3.3412320681236451E-003   2.0145013240835397E-003
  0.12863154976071201        2.4569326615164755E-002   1.1362696362994029E-002   3.3754555734049063E-003   2.0391117486724397E-003
  0.12866278947149112        2.4618949224532116E-002   1.1368192554073175E-002   3.3709268955135485E-003   2.0299588977650274E-003
  0.12883858417171723        2.4430018178463797E-002   1.1221977014429285E-002   3.2884062384255230E-003   1.9774426200456219E-003
